alpha = 3.0 / 8.0
a1 = 25.0 / 16.0
a2 = 1.0 / 5.0
a3 =  - 1.0 / 80.0

gamma01 = 3.210113927329531
gamma10 = 2.21110473043239
gamma12 = 42.08319933908019
gamma21 = 1.557633196122124
gamma23 = 6.482610425055064
gamma32 = -1.329341564172446
gamma34 = -2.465569273620743
gamma43 = -1.213703810247279
gamma45 = 1.660769542489766
gamma54 = -0.1776191023391513
gamma56 = 0.2232924886469337
a00 = -3.051444846761362
a01 = 2.345334805372179
a02 = -0.8696582180114061
a03 = 3.641381848342838
a04 = -3.399810121117448
a05 = 1.792414554502852
a06 = -0.5246438812007604
a07 = 0.0664258588731064
a10 = -4.873954900119216
a12 = -53.18177248515291
a13 = 93.4348874201782
a14 = -52.74983250718357
a15 = 22.56437298084277
a16 = -5.886555463761137
a17 = 0.692854955195867
a20 = -0.2604486511132088
a21 = -1.943640425204907
a23 = -3.84806892990241
a24 = 8.245332418591937
a25 = -2.779674691274779
a26 = 0.6603673342280958
a27 = -0.0738670553247296
a30 = -0.05878600824425402
a31 = 0.7074851396321982
a32 = -0.2983532234844736
a34 = 1.491392318405186
a35 = -2.222455418896595
a36 = 0.4240020577097782
a37 = -0.0432848651218399
a40 = 0.05619441751764617
a41 = -0.4761142198435586
a42 = 1.967293657743868
a43 = -2.297921866880887
a45 = -0.7202751534930111
a46 = 1.865337479238859
a47 = -0.447823643536206
a48 = 0.0533093292532889
a50 = -0.005353093751500729
a51 = 0.04953262252336028
a52 = -0.2157074945553577
a53 = 0.6319138819385537
a54 = -1.144234713147819
a56 = 0.6783115550998231
a57 = 0.005414306071706973
a58 = 0.0001229358212328832