alpha = 1.0 / 2.0
beta = 1.0 / 20.0
a1 = (17.0 / 24.0) * 2.0
a2 = (101.0 / 600.0) * 4.0
a3 = (1.0 / 600.0) * 6.0

gamma01 = 43.65980335321481
gamma02 = 92.40143116322876
gamma10 = 0.08351537442980239
gamma12 = 1.961483362670730
gamma13 = 0.8789761422182460
gamma20 = 0.008073091519768687
gamma21 = 0.2162434143850924
gamma23 = 1.052242062502679
gamma24 = 0.2116022463346598
a00 = -(-86.92242000231872 + 47.58661913475775 + 57.30693626084370 + -13.71254216556246 + 2.659826729790792 + -0.2598929200600359)
a01 = -86.92242000231872
a02 = 47.58661913475775
a03 = 57.30693626084370
a04 = -13.71254216556246
a05 = 2.659826729790792
a06 = -0.2598929200600359
a10 = -0.3199960780333493
a11 = -(-0.3199960780333493 + 0.07735499170041915 + 1.496612372811008 + 0.2046919801608821 + -0.02229717539815850 + 0.001702365014746567)
a12 = 0.07735499170041915
a13 = 1.496612372811008
a14 = 0.2046919801608821
a15 = -0.02229717539815850
a16 = 0.001702365014746567
a20 = -0.03644974757120792
a21 = -0.4997030280694729
a22 = -(-0.03644974757120792 + -0.4997030280694729 + 0.7439822445654316 + 0.5629384925762924 + 0.01563884275691290 + -0.0003043666146108995)
a23 = 0.7439822445654316
a24 = 0.5629384925762924
a25 = 0.01563884275691290
a26 = -0.0003043666146108995